
339.0
355.0
367.0
343.0
303.0
288.0
358.0
327.0
341.0
306.0
277.0
315.0
340.0
336.0
323.0
319.0
305.0
313.0
296.0
273.0
318.0
321.0
361.0
327.0
315.0
291.0
279.0
286.0
292.0
292.0
299.0
329.0
328.0
294.0
281.0
300.0
302.0
302.0
284.0
297.0
286.0
289.0
275.0
279.0
296.0
273.0
284.0
298.0
220.0
185.0
286.0
298.0
292.0
299.0
295.0
283.0
287.0
290.0
289.0
310.0
306.0
295.0
281.0
270.0
295.0
294.0
281.0
278.0
278.0
183.0
173.0
179.0
179.0
187.0
184.0
193.0
190.0
205.0
190.0
201.0
193.0
217.0
206.0
202.0
222.0
214.0
207.0
183.0
187.0
199.0
181.0
198.0
193.0
190.0
175.0
183.0
199.0
258.0
314.0
323.0
304.0
305.0
294.0
288.0
280.0
289.0
290.0
301.0
297.0
311.0
296.0
305.0
314.0
301.0
313.0
294.0
285.0
316.0
358.0
333.0
314.0
298.0
291.0
279.0
286.0
284.0
278.0
297.0
292.0
300.0
281.0
295.0
284.0
317.0
300.0
288.0
178.0
284.0
297.0
286.0
296.0
285.0
284.0
297.0
289.0
287.0
284.0
281.0
284.0
